3
Root:	5
0	4
0	5
1	5
2	5
3	5

4
Root:	4
0	4
0	5
1	5
2	5
3	5

5
Root:	1
0	4
0	5
1	5
2	5
3	5

6
Root:	0
0	4
0	5
1	5
2	5
3	5

10
Root:	5
0	4
0	5
1	4
2	5
3	5

11
Root:	4
0	4
0	5
1	4
2	5
3	5

12
Root:	2
0	4
0	5
1	4
2	5
3	5

13
Root:	1
0	4
0	5
1	4
2	5
3	5

14
Root:	0
0	4
0	5
1	4
2	5
3	5

15
Root:	4
0	4
1	4
2	5
3	5
4	5

16
Root:	0
0	4
1	4
2	5
3	5
4	5

17
Root:	5
0	4
0	5
1	4
1	5
2	5
3	5

18
Root:	4
0	4
0	5
1	4
1	5
2	5
3	5

19
Root:	2
0	4
0	5
1	4
1	5
2	5
3	5

20
Root:	0
0	4
0	5
1	4
1	5
2	5
3	5

21
Root:	5
0	4
0	5
1	4
2	5
3	5
4	5

22
Root:	4
0	4
0	5
1	4
2	5
3	5
4	5

23
Root:	2
0	4
0	5
1	4
2	5
3	5
4	5

24
Root:	1
0	4
0	5
1	4
2	5
3	5
4	5

25
Root:	0
0	4
0	5
1	4
2	5
3	5
4	5

30
Root:	4
0	4
0	5
1	4
1	5
2	4
3	5

31
Root:	2
0	4
0	5
1	4
1	5
2	4
3	5

32
Root:	0
0	4
0	5
1	4
1	5
2	4
3	5

33
Root:	5
0	4
0	5
1	4
1	5
2	4
2	5
3	5

34
Root:	4
0	4
0	5
1	4
1	5
2	4
2	5
3	5

35
Root:	3
0	4
0	5
1	4
1	5
2	4
2	5
3	5

36
Root:	0
0	4
0	5
1	4
1	5
2	4
2	5
3	5

37
Root:	4
0	4
0	5
1	4
1	5
2	4
3	5
4	5

38
Root:	2
0	4
0	5
1	4
1	5
2	4
3	5
4	5

39
Root:	0
0	4
0	5
1	4
1	5
2	4
3	5
4	5

44
Root:	4
0	4
0	5
1	4
1	5
2	4
2	5
3	4
3	5

45
Root:	0
0	4
0	5
1	4
1	5
2	4
2	5
3	4
3	5

48
Root:	5
0	3
0	5
1	4
1	5
2	5

49
Root:	3
0	3
0	5
1	4
1	5
2	5

50
Root:	2
0	3
0	5
1	4
1	5
2	5

51
Root:	0
0	3
0	5
1	4
1	5
2	5

52
Root:	5
0	3
0	5
1	4
1	5
2	5
3	5

53
Root:	4
0	3
0	5
1	4
1	5
2	5
3	5

54
Root:	2
0	3
0	5
1	4
1	5
2	5
3	5

55
Root:	1
0	3
0	5
1	4
1	5
2	5
3	5

56
Root:	0
0	3
0	5
1	4
1	5
2	5
3	5

60
Root:	2
0	3
0	4
0	5
1	4
1	5
2	5

61
Root:	1
0	3
0	4
0	5
1	4
1	5
2	5

62
Root:	0
0	3
0	4
0	5
1	4
1	5
2	5

67
Root:	1
0	3
0	4
0	5
1	4
2	5
4	5

68
Root:	0
0	3
0	4
0	5
1	4
2	5
4	5

69
Root:	5
0	3
0	4
0	5
1	4
1	5
2	5
3	5

70
Root:	4
0	3
0	4
0	5
1	4
1	5
2	5
3	5

71
Root:	3
0	3
0	4
0	5
1	4
1	5
2	5
3	5

72
Root:	2
0	3
0	4
0	5
1	4
1	5
2	5
3	5

73
Root:	1
0	3
0	4
0	5
1	4
1	5
2	5
3	5

74
Root:	0
0	3
0	4
0	5
1	4
1	5
2	5
3	5

75
Root:	5
0	3
0	4
0	5
1	4
1	5
2	5
4	5

76
Root:	4
0	3
0	4
0	5
1	4
1	5
2	5
4	5

77
Root:	3
0	3
0	4
0	5
1	4
1	5
2	5
4	5

78
Root:	2
0	3
0	4
0	5
1	4
1	5
2	5
4	5

79
Root:	1
0	3
0	4
0	5
1	4
1	5
2	5
4	5

80
Root:	0
0	3
0	4
0	5
1	4
1	5
2	5
4	5

85
Root:	2
0	3
0	5
1	4
1	5
2	4

86
Root:	1
0	3
0	5
1	4
1	5
2	4

87
Root:	0
0	3
0	5
1	4
1	5
2	4

88
Root:	5
0	3
0	5
1	4
1	5
2	4
2	5

89
Root:	4
0	3
0	5
1	4
1	5
2	4
2	5

90
Root:	3
0	3
0	5
1	4
1	5
2	4
2	5

91
Root:	1
0	3
0	5
1	4
1	5
2	4
2	5

92
Root:	0
0	3
0	5
1	4
1	5
2	4
2	5

93
Root:	5
0	3
0	5
1	4
1	5
2	4
3	5

94
Root:	4
0	3
0	5
1	4
1	5
2	4
3	5

95
Root:	2
0	3
0	5
1	4
1	5
2	4
3	5

96
Root:	1
0	3
0	5
1	4
1	5
2	4
3	5

97
Root:	0
0	3
0	5
1	4
1	5
2	4
3	5

98
Root:	5
0	3
0	5
1	4
1	5
2	4
4	5

99
Root:	4
0	3
0	5
1	4
1	5
2	4
4	5

100
Root:	3
0	3
0	5
1	4
1	5
2	4
4	5

101
Root:	2
0	3
0	5
1	4
1	5
2	4
4	5

102
Root:	1
0	3
0	5
1	4
1	5
2	4
4	5

103
Root:	0
0	3
0	5
1	4
1	5
2	4
4	5

104
Root:	5
0	3
0	5
1	4
2	4
3	5
4	5

105
Root:	4
0	3
0	5
1	4
2	4
3	5
4	5

106
Root:	1
0	3
0	5
1	4
2	4
3	5
4	5

107
Root:	0
0	3
0	5
1	4
2	4
3	5
4	5

108
Root:	5
0	3
0	5
1	4
1	5
2	4
2	5
3	5

109
Root:	4
0	3
0	5
1	4
1	5
2	4
2	5
3	5

110
Root:	1
0	3
0	5
1	4
1	5
2	4
2	5
3	5

111
Root:	0
0	3
0	5
1	4
1	5
2	4
2	5
3	5

112
Root:	5
0	3
0	5
1	4
1	5
2	4
2	5
4	5

113
Root:	4
0	3
0	5
1	4
1	5
2	4
2	5
4	5

114
Root:	3
0	3
0	5
1	4
1	5
2	4
2	5
4	5

115
Root:	1
0	3
0	5
1	4
1	5
2	4
2	5
4	5

116
Root:	0
0	3
0	5
1	4
1	5
2	4
2	5
4	5

117
Root:	5
0	3
0	5
1	4
1	5
2	4
3	5
4	5

118
Root:	4
0	3
0	5
1	4
1	5
2	4
3	5
4	5

119
Root:	2
0	3
0	5
1	4
1	5
2	4
3	5
4	5

120
Root:	1
0	3
0	5
1	4
1	5
2	4
3	5
4	5

121
Root:	0
0	3
0	5
1	4
1	5
2	4
3	5
4	5

126
Root:	5
0	3
0	4
0	5
1	5
2	5
3	4
3	5

127
Root:	4
0	3
0	4
0	5
1	5
2	5
3	4
3	5

128
Root:	1
0	3
0	4
0	5
1	5
2	5
3	4
3	5

129
Root:	0
0	3
0	4
0	5
1	5
2	5
3	4
3	5

136
Root:	5
0	3
0	4
0	5
1	4
1	5
2	4
2	5
3	5

137
Root:	4
0	3
0	4
0	5
1	4
1	5
2	4
2	5
3	5

138
Root:	3
0	3
0	4
0	5
1	4
1	5
2	4
2	5
3	5

139
Root:	1
0	3
0	4
0	5
1	4
1	5
2	4
2	5
3	5

140
Root:	0
0	3
0	4
0	5
1	4
1	5
2	4
2	5
3	5

141
Root:	4
0	3
0	4
0	5
1	4
1	5
2	4
2	5
4	5

142
Root:	3
0	3
0	4
0	5
1	4
1	5
2	4
2	5
4	5

143
Root:	1
0	3
0	4
0	5
1	4
1	5
2	4
2	5
4	5

144
Root:	0
0	3
0	4
0	5
1	4
1	5
2	4
2	5
4	5

145
Root:	5
0	3
0	4
0	5
1	4
1	5
2	4
3	5
4	5

146
Root:	4
0	3
0	4
0	5
1	4
1	5
2	4
3	5
4	5

147
Root:	3
0	3
0	4
0	5
1	4
1	5
2	4
3	5
4	5

148
Root:	2
0	3
0	4
0	5
1	4
1	5
2	4
3	5
4	5

149
Root:	1
0	3
0	4
0	5
1	4
1	5
2	4
3	5
4	5

150
Root:	0
0	3
0	4
0	5
1	4
1	5
2	4
3	5
4	5

151
Root:	4
0	3
0	4
1	4
1	5
2	4
2	5
3	5
4	5

152
Root:	1
0	3
0	4
1	4
1	5
2	4
2	5
3	5
4	5

153
Root:	0
0	3
0	4
1	4
1	5
2	4
2	5
3	5
4	5

159
Root:	5
0	3
0	4
0	5
1	4
1	5
2	5
3	4
3	5

160
Root:	4
0	3
0	4
0	5
1	4
1	5
2	5
3	4
3	5

161
Root:	2
0	3
0	4
0	5
1	4
1	5
2	5
3	4
3	5

162
Root:	1
0	3
0	4
0	5
1	4
1	5
2	5
3	4
3	5

163
Root:	0
0	3
0	4
0	5
1	4
1	5
2	5
3	4
3	5

164
Root:	4
0	3
0	4
0	5
1	4
2	5
3	4
3	5
4	5

165
Root:	1
0	3
0	4
0	5
1	4
2	5
3	4
3	5
4	5

166
Root:	0
0	3
0	4
0	5
1	4
2	5
3	4
3	5
4	5

172
Root:	4
0	3
0	4
0	5
1	4
1	5
2	4
2	5
3	4
3	5

173
Root:	1
0	3
0	4
0	5
1	4
1	5
2	4
2	5
3	4
3	5

174
Root:	0
0	3
0	4
0	5
1	4
1	5
2	4
2	5
3	4
3	5

178
Root:	5
0	3
0	4
0	5
1	3
1	4
1	5
2	5

179
Root:	3
0	3
0	4
0	5
1	3
1	4
1	5
2	5

180
Root:	2
0	3
0	4
0	5
1	3
1	4
1	5
2	5

181
Root:	0
0	3
0	4
0	5
1	3
1	4
1	5
2	5

182
Root:	5
0	3
0	4
0	5
1	3
1	4
1	5
2	5
3	5

183
Root:	4
0	3
0	4
0	5
1	3
1	4
1	5
2	5
3	5

184
Root:	3
0	3
0	4
0	5
1	3
1	4
1	5
2	5
3	5

185
Root:	2
0	3
0	4
0	5
1	3
1	4
1	5
2	5
3	5

186
Root:	0
0	3
0	4
0	5
1	3
1	4
1	5
2	5
3	5

191
Root:	1
0	3
0	4
0	5
1	3
1	5
2	4
2	5

192
Root:	0
0	3
0	4
0	5
1	3
1	5
2	4
2	5

193
Root:	3
0	3
0	4
0	5
1	3
2	4
2	5
3	5

194
Root:	2
0	3
0	4
0	5
1	3
2	4
2	5
3	5

195
Root:	1
0	3
0	4
0	5
1	3
2	4
2	5
3	5

196
Root:	0
0	3
0	4
0	5
1	3
2	4
2	5
3	5

201
Root:	3
0	3
0	4
0	5
1	3
2	4
3	5
4	5

202
Root:	1
0	3
0	4
0	5
1	3
2	4
3	5
4	5

203
Root:	0
0	3
0	4
0	5
1	3
2	4
3	5
4	5

204
Root:	5
0	3
0	4
1	3
1	5
2	4
3	5
4	5

205
Root:	4
0	3
0	4
1	3
1	5
2	4
3	5
4	5

206
Root:	3
0	3
0	4
1	3
1	5
2	4
3	5
4	5

207
Root:	2
0	3
0	4
1	3
1	5
2	4
3	5
4	5

208
Root:	1
0	3
0	4
1	3
1	5
2	4
3	5
4	5

209
Root:	0
0	3
0	4
1	3
1	5
2	4
3	5
4	5

210
Root:	5
0	3
0	4
0	5
1	3
1	5
2	4
2	5
3	5

211
Root:	4
0	3
0	4
0	5
1	3
1	5
2	4
2	5
3	5

212
Root:	3
0	3
0	4
0	5
1	3
1	5
2	4
2	5
3	5

213
Root:	2
0	3
0	4
0	5
1	3
1	5
2	4
2	5
3	5

214
Root:	1
0	3
0	4
0	5
1	3
1	5
2	4
2	5
3	5

215
Root:	0
0	3
0	4
0	5
1	3
1	5
2	4
2	5
3	5

216
Root:	5
0	3
0	4
0	5
1	3
1	5
2	4
3	5
4	5

217
Root:	4
0	3
0	4
0	5
1	3
1	5
2	4
3	5
4	5

218
Root:	3
0	3
0	4
0	5
1	3
1	5
2	4
3	5
4	5

219
Root:	2
0	3
0	4
0	5
1	3
1	5
2	4
3	5
4	5

220
Root:	1
0	3
0	4
0	5
1	3
1	5
2	4
3	5
4	5

221
Root:	0
0	3
0	4
0	5
1	3
1	5
2	4
3	5
4	5

222
Root:	5
0	3
0	4
1	3
1	5
2	4
2	5
3	5
4	5

223
Root:	3
0	3
0	4
1	3
1	5
2	4
2	5
3	5
4	5

224
Root:	1
0	3
0	4
1	3
1	5
2	4
2	5
3	5
4	5

225
Root:	0
0	3
0	4
1	3
1	5
2	4
2	5
3	5
4	5

230
Root:	2
0	3
0	4
0	5
1	3
1	4
1	5
2	4
2	5

231
Root:	0
0	3
0	4
0	5
1	3
1	4
1	5
2	4
2	5

232
Root:	4
0	3
0	4
0	5
1	3
1	4
1	5
2	4
3	5

233
Root:	3
0	3
0	4
0	5
1	3
1	4
1	5
2	4
3	5

234
Root:	2
0	3
0	4
0	5
1	3
1	4
1	5
2	4
3	5

235
Root:	0
0	3
0	4
0	5
1	3
1	4
1	5
2	4
3	5

236
Root:	5
0	3
0	4
0	5
1	3
1	4
1	5
2	4
2	5
3	5

237
Root:	4
0	3
0	4
0	5
1	3
1	4
1	5
2	4
2	5
3	5

238
Root:	3
0	3
0	4
0	5
1	3
1	4
1	5
2	4
2	5
3	5

239
Root:	2
0	3
0	4
0	5
1	3
1	4
1	5
2	4
2	5
3	5

240
Root:	0
0	3
0	4
0	5
1	3
1	4
1	5
2	4
2	5
3	5

241
Root:	4
0	3
0	4
0	5
1	3
1	4
1	5
2	4
2	5
4	5

242
Root:	3
0	3
0	4
0	5
1	3
1	4
1	5
2	4
2	5
4	5

243
Root:	2
0	3
0	4
0	5
1	3
1	4
1	5
2	4
2	5
4	5

244
Root:	0
0	3
0	4
0	5
1	3
1	4
1	5
2	4
2	5
4	5

250
Root:	5
0	3
0	4
0	5
1	3
1	4
1	5
2	5
3	4
3	5

251
Root:	4
0	3
0	4
0	5
1	3
1	4
1	5
2	5
3	4
3	5

252
Root:	3
0	3
0	4
0	5
1	3
1	4
1	5
2	5
3	4
3	5

253
Root:	2
0	3
0	4
0	5
1	3
1	4
1	5
2	5
3	4
3	5

254
Root:	0
0	3
0	4
0	5
1	3
1	4
1	5
2	5
3	4
3	5

255
Root:	5
0	3
0	4
0	5
1	3
1	4
2	5
3	4
3	5
4	5

256
Root:	3
0	3
0	4
0	5
1	3
1	4
2	5
3	4
3	5
4	5

257
Root:	2
0	3
0	4
0	5
1	3
1	4
2	5
3	4
3	5
4	5

258
Root:	1
0	3
0	4
0	5
1	3
1	4
2	5
3	4
3	5
4	5

259
Root:	0
0	3
0	4
0	5
1	3
1	4
2	5
3	4
3	5
4	5

264
Root:	5
0	3
0	4
0	5
1	3
1	5
2	4
2	5
3	4
3	5

265
Root:	4
0	3
0	4
0	5
1	3
1	5
2	4
2	5
3	4
3	5

266
Root:	3
0	3
0	4
0	5
1	3
1	5
2	4
2	5
3	4
3	5

267
Root:	2
0	3
0	4
0	5
1	3
1	5
2	4
2	5
3	4
3	5

268
Root:	1
0	3
0	4
0	5
1	3
1	5
2	4
2	5
3	4
3	5

269
Root:	0
0	3
0	4
0	5
1	3
1	5
2	4
2	5
3	4
3	5

270
Root:	3
0	3
0	4
1	3
1	5
2	4
2	5
3	4
3	5
4	5

271
Root:	0
0	3
0	4
1	3
1	5
2	4
2	5
3	4
3	5
4	5

280
Root:	0
0	3
0	4
0	5
1	3
1	4
1	5
2	3
2	4
2	5

281
Root:	4
0	3
0	4
0	5
1	3
1	4
1	5
2	3
2	4
2	5
3	5

282
Root:	3
0	3
0	4
0	5
1	3
1	4
1	5
2	3
2	4
2	5
3	5

283
Root:	0
0	3
0	4
0	5
1	3
1	4
1	5
2	3
2	4
2	5
3	5

284
Root:	5
0	3
0	4
0	5
1	3
1	4
1	5
2	3
2	4
3	5
4	5

285
Root:	3
0	3
0	4
0	5
1	3
1	4
1	5
2	3
2	4
3	5
4	5

286
Root:	2
0	3
0	4
0	5
1	3
1	4
1	5
2	3
2	4
3	5
4	5

287
Root:	0
0	3
0	4
0	5
1	3
1	4
1	5
2	3
2	4
3	5
4	5

293
Root:	5
0	2
0	4
0	5
1	3
1	5
2	4
2	5

294
Root:	4
0	2
0	4
0	5
1	3
1	5
2	4
2	5

295
Root:	3
0	2
0	4
0	5
1	3
1	5
2	4
2	5

296
Root:	1
0	2
0	4
0	5
1	3
1	5
2	4
2	5

297
Root:	0
0	2
0	4
0	5
1	3
1	5
2	4
2	5

298
Root:	1
0	2
0	4
0	5
1	3
1	5
2	4
3	5

299
Root:	0
0	2
0	4
0	5
1	3
1	5
2	4
3	5

300
Root:	5
0	2
0	4
0	5
1	3
1	5
2	4
2	5
3	5

301
Root:	4
0	2
0	4
0	5
1	3
1	5
2	4
2	5
3	5

302
Root:	1
0	2
0	4
0	5
1	3
1	5
2	4
2	5
3	5

303
Root:	0
0	2
0	4
0	5
1	3
1	5
2	4
2	5
3	5

304
Root:	5
0	2
0	4
0	5
1	3
1	5
2	4
2	5
4	5

305
Root:	3
0	2
0	4
0	5
1	3
1	5
2	4
2	5
4	5

306
Root:	1
0	2
0	4
0	5
1	3
1	5
2	4
2	5
4	5

307
Root:	0
0	2
0	4
0	5
1	3
1	5
2	4
2	5
4	5

311
Root:	2
0	2
0	4
0	5
1	3
1	4
1	5
2	4
3	5

312
Root:	0
0	2
0	4
0	5
1	3
1	4
1	5
2	4
3	5

313
Root:	5
0	2
0	4
0	5
1	3
1	4
1	5
2	4
2	5
3	5

314
Root:	4
0	2
0	4
0	5
1	3
1	4
1	5
2	4
2	5
3	5

315
Root:	3
0	2
0	4
0	5
1	3
1	4
1	5
2	4
2	5
3	5

316
Root:	1
0	2
0	4
0	5
1	3
1	4
1	5
2	4
2	5
3	5

317
Root:	0
0	2
0	4
0	5
1	3
1	4
1	5
2	4
2	5
3	5

318
Root:	4
0	2
0	4
0	5
1	3
1	4
1	5
2	4
2	5
4	5

319
Root:	3
0	2
0	4
0	5
1	3
1	4
1	5
2	4
2	5
4	5

320
Root:	1
0	2
0	4
0	5
1	3
1	4
1	5
2	4
2	5
4	5

321
Root:	0
0	2
0	4
0	5
1	3
1	4
1	5
2	4
2	5
4	5

322
Root:	4
0	2
0	4
0	5
1	3
1	4
1	5
2	4
3	5
4	5

323
Root:	2
0	2
0	4
0	5
1	3
1	4
1	5
2	4
3	5
4	5

324
Root:	0
0	2
0	4
0	5
1	3
1	4
1	5
2	4
3	5
4	5

325
Root:	4
0	2
0	4
0	5
1	3
1	4
2	4
2	5
3	5
4	5

326
Root:	1
0	2
0	4
0	5
1	3
1	4
2	4
2	5
3	5
4	5

327
Root:	0
0	2
0	4
0	5
1	3
1	4
2	4
2	5
3	5
4	5

333
Root:	4
0	2
0	4
0	5
1	3
1	4
1	5
2	4
2	5
3	4
3	5

334
Root:	0
0	2
0	4
0	5
1	3
1	4
1	5
2	4
2	5
3	4
3	5

337
Root:	5
0	2
0	3
0	5
1	3
1	4
1	5
2	4
2	5

338
Root:	3
0	2
0	3
0	5
1	3
1	4
1	5
2	4
2	5

339
Root:	1
0	2
0	3
0	5
1	3
1	4
1	5
2	4
2	5

340
Root:	0
0	2
0	3
0	5
1	3
1	4
1	5
2	4
2	5

344
Root:	5
0	2
0	3
0	5
1	3
1	4
1	5
2	4
2	5
3	5

345
Root:	4
0	2
0	3
0	5
1	3
1	4
1	5
2	4
2	5
3	5

346
Root:	1
0	2
0	3
0	5
1	3
1	4
1	5
2	4
2	5
3	5

347
Root:	0
0	2
0	3
0	5
1	3
1	4
1	5
2	4
2	5
3	5

350
Root:	0
0	2
0	3
0	4
1	3
1	4
1	5
2	4
2	5
3	5

351
Root:	2
0	2
0	3
0	4
0	5
1	3
1	4
1	5
2	4
2	5
3	5

352
Root:	1
0	2
0	3
0	4
0	5
1	3
1	4
1	5
2	4
2	5
3	5

353
Root:	0
0	2
0	3
0	4
0	5
1	3
1	4
1	5
2	4
2	5
3	5

354
Root:	5
0	2
0	3
0	4
0	5
1	3
1	4
1	5
2	4
3	5
4	5

355
Root:	2
0	2
0	3
0	4
0	5
1	3
1	4
1	5
2	4
3	5
4	5

356
Root:	1
0	2
0	3
0	4
0	5
1	3
1	4
1	5
2	4
3	5
4	5

357
Root:	0
0	2
0	3
0	4
0	5
1	3
1	4
1	5
2	4
3	5
4	5

365
Root:	5
0	2
0	3
0	4
0	5
1	4
1	5
2	3
2	4
2	5
3	5

366
Root:	4
0	2
0	3
0	4
0	5
1	4
1	5
2	3
2	4
2	5
3	5

367
Root:	3
0	2
0	3
0	4
0	5
1	4
1	5
2	3
2	4
2	5
3	5

368
Root:	1
0	2
0	3
0	4
0	5
1	4
1	5
2	3
2	4
2	5
3	5

369
Root:	0
0	2
0	3
0	4
0	5
1	4
1	5
2	3
2	4
2	5
3	5

370
Root:	1
0	2
0	3
0	4
0	5
1	4
1	5
2	3
2	4
2	5
4	5

371
Root:	0
0	2
0	3
0	4
0	5
1	4
1	5
2	3
2	4
2	5
4	5

377
Root:	5
0	2
0	3
0	4
0	5
1	5
2	3
2	4
2	5
3	4
3	5

378
Root:	4
0	2
0	3
0	4
0	5
1	5
2	3
2	4
2	5
3	4
3	5

379
Root:	1
0	2
0	3
0	4
0	5
1	5
2	3
2	4
2	5
3	4
3	5

380
Root:	0
0	2
0	3
0	4
0	5
1	5
2	3
2	4
2	5
3	4
3	5

390
Root:	3
0	2
0	3
0	4
0	5
1	2
1	3
1	4
1	5
2	4
2	5
3	5

391
Root:	2
0	2
0	3
0	4
0	5
1	2
1	3
1	4
1	5
2	4
2	5
3	5

392
Root:	0
0	2
0	3
0	4
0	5
1	2
1	3
1	4
1	5
2	4
2	5
3	5

393
Root:	3
0	2
0	3
0	4
0	5
1	2
1	3
1	4
1	5
2	4
2	5
4	5

394
Root:	2
0	2
0	3
0	4
0	5
1	2
1	3
1	4
1	5
2	4
2	5
4	5

395
Root:	0
0	2
0	3
0	4
0	5
1	2
1	3
1	4
1	5
2	4
2	5
4	5

396
Root:	1
0	2
0	3
0	4
0	5
1	2
1	3
1	4
2	4
2	5
3	5
4	5

397
Root:	0
0	2
0	3
0	4
0	5
1	2
1	3
1	4
2	4
2	5
3	5
4	5

402
Root:	0
0	2
0	3
0	4
0	5
1	2
1	3
1	4
1	5
2	4
2	5
3	4
3	5

Count Viable Graphs:	279
not viable indices
[1, 2, 7, 8, 9, 26, 27, 28, 29, 40, 41, 42, 43, 46, 47, 57, 58, 59, 63, 64, 65, 66, 81, 82, 83, 84, 122, 123, 124, 125, 130, 131, 132, 133, 134, 135, 154, 155, 156, 157, 158, 167, 168, 169, 170, 171, 175, 176, 177, 187, 188, 189, 190, 197, 198, 199, 200, 226, 227, 228, 229, 245, 246, 247, 248, 249, 260, 261, 262, 263, 272, 273, 274, 275, 276, 277, 278, 279, 288, 289, 290, 291, 292, 308, 309, 310, 328, 329, 330, 331, 332, 335, 336, 341, 342, 343, 348, 349, 358, 359, 360, 361, 362, 363, 364, 372, 373, 374, 375, 376, 381, 382, 383, 384, 385, 386, 387, 388, 389, 398, 399, 400, 401, 403, 404, 405, 406, 407]