1
Root:	4
0	4
1	4
2	4
3	4

2
Root:	0
0	4
1	4
2	4
3	4

3
Root:	4
0	3
0	4
1	4
2	4

4
Root:	3
0	3
0	4
1	4
2	4

5
Root:	1
0	3
0	4
1	4
2	4

6
Root:	0
0	3
0	4
1	4
2	4

7
Root:	4
0	3
0	4
1	4
2	4
3	4

8
Root:	1
0	3
0	4
1	4
2	4
3	4

9
Root:	0
0	3
0	4
1	4
2	4
3	4

10
Root:	4
0	3
0	4
1	3
1	4
2	4

11
Root:	3
0	3
0	4
1	3
1	4
2	4

12
Root:	2
0	3
0	4
1	3
1	4
2	4

13
Root:	0
0	3
0	4
1	3
1	4
2	4

14
Root:	3
0	3
0	4
1	3
2	4
3	4

15
Root:	1
0	3
0	4
1	3
2	4
3	4

16
Root:	0
0	3
0	4
1	3
2	4
3	4

17
Root:	4
0	3
0	4
1	3
1	4
2	4
3	4

18
Root:	3
0	3
0	4
1	3
1	4
2	4
3	4

19
Root:	2
0	3
0	4
1	3
1	4
2	4
3	4

20
Root:	0
0	3
0	4
1	3
1	4
2	4
3	4

21
Root:	3
0	3
0	4
1	3
1	4
2	3
2	4

22
Root:	0
0	3
0	4
1	3
1	4
2	3
2	4

23
Root:	3
0	3
0	4
1	3
1	4
2	3
2	4
3	4

24
Root:	0
0	3
0	4
1	3
1	4
2	3
2	4
3	4

25
Root:	4
0	2
0	4
1	3
1	4

26
Root:	2
0	2
0	4
1	3
1	4

27
Root:	0
0	2
0	4
1	3
1	4

28
Root:	4
0	2
0	4
1	3
1	4
2	4

29
Root:	3
0	2
0	4
1	3
1	4
2	4

30
Root:	1
0	2
0	4
1	3
1	4
2	4

31
Root:	0
0	2
0	4
1	3
1	4
2	4

32
Root:	4
0	2
0	4
1	3
1	4
2	4
3	4

33
Root:	0
0	2
0	4
1	3
1	4
2	4
3	4

35
Root:	2
0	2
0	3
0	4
1	3
1	4
2	4

36
Root:	1
0	2
0	3
0	4
1	3
1	4
2	4

37
Root:	0
0	2
0	3
0	4
1	3
1	4
2	4

38
Root:	4
0	2
0	3
0	4
1	3
1	4
2	4
3	4

39
Root:	1
0	2
0	3
0	4
1	3
1	4
2	4
3	4

40
Root:	0
0	2
0	3
0	4
1	3
1	4
2	4
3	4

41
Root:	4
0	2
0	3
0	4
1	4
2	3
2	4

42
Root:	3
0	2
0	3
0	4
1	4
2	3
2	4

43
Root:	1
0	2
0	3
0	4
1	4
2	3
2	4

44
Root:	0
0	2
0	3
0	4
1	4
2	3
2	4

45
Root:	4
0	2
0	3
0	4
1	4
2	3
2	4
3	4

46
Root:	1
0	2
0	3
0	4
1	4
2	3
2	4
3	4

47
Root:	0
0	2
0	3
0	4
1	4
2	3
2	4
3	4

48
Root:	3
0	2
0	3
0	4
1	3
1	4
2	3
2	4
3	4

49
Root:	1
0	2
0	3
0	4
1	3
1	4
2	3
2	4
3	4

50
Root:	0
0	2
0	3
0	4
1	3
1	4
2	3
2	4
3	4

51
Root:	3
0	2
0	3
0	4
1	2
1	3
1	4
2	4

52
Root:	2
0	2
0	3
0	4
1	2
1	3
1	4
2	4

53
Root:	0
0	2
0	3
0	4
1	2
1	3
1	4
2	4

54
Root:	4
0	2
0	3
0	4
1	2
1	3
1	4
2	4
3	4

55
Root:	0
0	2
0	3
0	4
1	2
1	3
1	4
2	4
3	4

56
Root:	2
0	2
0	3
0	4
1	2
1	3
1	4
2	3
2	4
3	4

57
Root:	0
0	2
0	3
0	4
1	2
1	3
1	4
2	3
2	4
3	4

58
Root:	0
0	1
0	2
0	3
0	4
1	2
1	3
1	4
2	3
2	4
3	4

Count Viable Graphs:	57
not viable indices
[34]