6 5 0 0 0 0 0 1  0 5 1 5 2 5 3 5 4 5
6 5 1 0 0 0 0 0  0 5 1 5 2 5 3 5 4 5
6 5 0 0 0 0 0 1  0 4 0 5 1 5 2 5 3 5
6 5 0 0 0 0 1 0  0 4 0 5 1 5 2 5 3 5
6 5 0 1 0 0 0 0  0 4 0 5 1 5 2 5 3 5
6 5 1 0 0 0 0 0  0 4 0 5 1 5 2 5 3 5
6 6 0 0 0 0 0 1  0 4 0 5 1 5 2 5 3 5 4 5
6 6 0 1 0 0 0 0  0 4 0 5 1 5 2 5 3 5 4 5
6 6 1 0 0 0 0 0  0 4 0 5 1 5 2 5 3 5 4 5
6 5 0 0 0 0 0 1  0 4 0 5 1 4 2 5 3 5
6 5 0 0 0 0 1 0  0 4 0 5 1 4 2 5 3 5
6 5 0 0 1 0 0 0  0 4 0 5 1 4 2 5 3 5
6 5 0 1 0 0 0 0  0 4 0 5 1 4 2 5 3 5
6 5 1 0 0 0 0 0  0 4 0 5 1 4 2 5 3 5
6 5 0 0 0 0 1 0  0 4 1 4 2 5 3 5 4 5
6 5 1 0 0 0 0 0  0 4 1 4 2 5 3 5 4 5
6 6 0 0 0 0 0 1  0 4 0 5 1 4 1 5 2 5 3 5
6 6 0 0 0 0 1 0  0 4 0 5 1 4 1 5 2 5 3 5
6 6 0 0 1 0 0 0  0 4 0 5 1 4 1 5 2 5 3 5
6 6 1 0 0 0 0 0  0 4 0 5 1 4 1 5 2 5 3 5
6 6 0 0 0 0 0 1  0 4 0 5 1 4 2 5 3 5 4 5
6 6 0 0 0 0 1 0  0 4 0 5 1 4 2 5 3 5 4 5
6 6 0 0 1 0 0 0  0 4 0 5 1 4 2 5 3 5 4 5
6 6 0 1 0 0 0 0  0 4 0 5 1 4 2 5 3 5 4 5
6 6 1 0 0 0 0 0  0 4 0 5 1 4 2 5 3 5 4 5
6 7 0 0 0 0 0 1  0 4 0 5 1 4 1 5 2 5 3 5 4 5
6 7 0 0 0 0 1 0  0 4 0 5 1 4 1 5 2 5 3 5 4 5
6 7 0 0 1 0 0 0  0 4 0 5 1 4 1 5 2 5 3 5 4 5
6 7 1 0 0 0 0 0  0 4 0 5 1 4 1 5 2 5 3 5 4 5
6 6 0 0 0 0 1 0  0 4 0 5 1 4 1 5 2 4 3 5
6 6 0 0 1 0 0 0  0 4 0 5 1 4 1 5 2 4 3 5
6 6 1 0 0 0 0 0  0 4 0 5 1 4 1 5 2 4 3 5
6 7 0 0 0 0 0 1  0 4 0 5 1 4 1 5 2 4 2 5 3 5
6 7 0 0 0 0 1 0  0 4 0 5 1 4 1 5 2 4 2 5 3 5
6 7 0 0 0 1 0 0  0 4 0 5 1 4 1 5 2 4 2 5 3 5
6 7 1 0 0 0 0 0  0 4 0 5 1 4 1 5 2 4 2 5 3 5
6 7 0 0 0 0 1 0  0 4 0 5 1 4 1 5 2 4 3 5 4 5
6 7 0 0 1 0 0 0  0 4 0 5 1 4 1 5 2 4 3 5 4 5
6 7 1 0 0 0 0 0  0 4 0 5 1 4 1 5 2 4 3 5 4 5
6 8 0 0 0 0 0 1  0 4 0 5 1 4 1 5 2 4 2 5 3 5 4 5
6 8 0 0 0 0 1 0  0 4 0 5 1 4 1 5 2 4 2 5 3 5 4 5
6 8 0 0 0 1 0 0  0 4 0 5 1 4 1 5 2 4 2 5 3 5 4 5
6 8 1 0 0 0 0 0  0 4 0 5 1 4 1 5 2 4 2 5 3 5 4 5
6 8 0 0 0 0 1 0  0 4 0 5 1 4 1 5 2 4 2 5 3 4 3 5
6 8 1 0 0 0 0 0  0 4 0 5 1 4 1 5 2 4 2 5 3 4 3 5
6 9 0 0 0 0 1 0  0 4 0 5 1 4 1 5 2 4 2 5 3 4 3 5 4 5
6 9 1 0 0 0 0 0  0 4 0 5 1 4 1 5 2 4 2 5 3 4 3 5 4 5
6 5 0 0 0 0 0 1  0 3 0 5 1 4 1 5 2 5
6 5 0 0 0 1 0 0  0 3 0 5 1 4 1 5 2 5
6 5 0 0 1 0 0 0  0 3 0 5 1 4 1 5 2 5
6 5 1 0 0 0 0 0  0 3 0 5 1 4 1 5 2 5
6 6 0 0 0 0 0 1  0 3 0 5 1 4 1 5 2 5 3 5
6 6 0 0 0 0 1 0  0 3 0 5 1 4 1 5 2 5 3 5
6 6 0 0 1 0 0 0  0 3 0 5 1 4 1 5 2 5 3 5
6 6 0 1 0 0 0 0  0 3 0 5 1 4 1 5 2 5 3 5
6 6 1 0 0 0 0 0  0 3 0 5 1 4 1 5 2 5 3 5
6 7 0 0 0 0 0 1  0 3 0 5 1 4 1 5 2 5 3 5 4 5
6 7 0 0 1 0 0 0  0 3 0 5 1 4 1 5 2 5 3 5 4 5
6 7 1 0 0 0 0 0  0 3 0 5 1 4 1 5 2 5 3 5 4 5
6 6 0 0 1 0 0 0  0 3 0 4 0 5 1 4 1 5 2 5
6 6 0 1 0 0 0 0  0 3 0 4 0 5 1 4 1 5 2 5
6 6 1 0 0 0 0 0  0 3 0 4 0 5 1 4 1 5 2 5
6 6 0 0 0 0 0 1  0 3 0 4 1 4 1 5 2 5 3 5
6 6 0 0 1 0 0 0  0 3 0 4 1 4 1 5 2 5 3 5
6 6 0 1 0 0 0 0  0 3 0 4 1 4 1 5 2 5 3 5
6 6 1 0 0 0 0 0  0 3 0 4 1 4 1 5 2 5 3 5
6 6 0 1 0 0 0 0  0 3 0 4 0 5 1 4 2 5 4 5
6 6 1 0 0 0 0 0  0 3 0 4 0 5 1 4 2 5 4 5
6 7 0 0 0 0 0 1  0 3 0 4 0 5 1 4 1 5 2 5 3 5
6 7 0 0 0 0 1 0  0 3 0 4 0 5 1 4 1 5 2 5 3 5
6 7 0 0 0 1 0 0  0 3 0 4 0 5 1 4 1 5 2 5 3 5
6 7 0 0 1 0 0 0  0 3 0 4 0 5 1 4 1 5 2 5 3 5
6 7 0 1 0 0 0 0  0 3 0 4 0 5 1 4 1 5 2 5 3 5
6 7 1 0 0 0 0 0  0 3 0 4 0 5 1 4 1 5 2 5 3 5
6 7 0 0 0 0 0 1  0 3 0 4 0 5 1 4 1 5 2 5 4 5
6 7 0 0 0 0 1 0  0 3 0 4 0 5 1 4 1 5 2 5 4 5
6 7 0 0 0 1 0 0  0 3 0 4 0 5 1 4 1 5 2 5 4 5
6 7 0 0 1 0 0 0  0 3 0 4 0 5 1 4 1 5 2 5 4 5
6 7 0 1 0 0 0 0  0 3 0 4 0 5 1 4 1 5 2 5 4 5
6 7 1 0 0 0 0 0  0 3 0 4 0 5 1 4 1 5 2 5 4 5
6 8 0 0 0 0 0 1  0 3 0 4 0 5 1 4 1 5 2 5 3 5 4 5
6 8 0 0 1 0 0 0  0 3 0 4 0 5 1 4 1 5 2 5 3 5 4 5
6 8 0 1 0 0 0 0  0 3 0 4 0 5 1 4 1 5 2 5 3 5 4 5
6 8 1 0 0 0 0 0  0 3 0 4 0 5 1 4 1 5 2 5 3 5 4 5
6 5 0 0 1 0 0 0  0 3 0 5 1 4 1 5 2 4
6 5 0 1 0 0 0 0  0 3 0 5 1 4 1 5 2 4
6 5 1 0 0 0 0 0  0 3 0 5 1 4 1 5 2 4
6 6 0 0 0 0 0 1  0 3 0 5 1 4 1 5 2 4 2 5
6 6 0 0 0 0 1 0  0 3 0 5 1 4 1 5 2 4 2 5
6 6 0 0 0 1 0 0  0 3 0 5 1 4 1 5 2 4 2 5
6 6 0 1 0 0 0 0  0 3 0 5 1 4 1 5 2 4 2 5
6 6 1 0 0 0 0 0  0 3 0 5 1 4 1 5 2 4 2 5
6 6 0 0 0 0 0 1  0 3 0 5 1 4 1 5 2 4 3 5
6 6 0 0 0 0 1 0  0 3 0 5 1 4 1 5 2 4 3 5
6 6 0 0 1 0 0 0  0 3 0 5 1 4 1 5 2 4 3 5
6 6 0 1 0 0 0 0  0 3 0 5 1 4 1 5 2 4 3 5
6 6 1 0 0 0 0 0  0 3 0 5 1 4 1 5 2 4 3 5
6 6 0 0 0 0 0 1  0 3 0 5 1 4 1 5 2 4 4 5
6 6 0 0 0 0 1 0  0 3 0 5 1 4 1 5 2 4 4 5
6 6 0 0 0 1 0 0  0 3 0 5 1 4 1 5 2 4 4 5
6 6 0 0 1 0 0 0  0 3 0 5 1 4 1 5 2 4 4 5
6 6 0 1 0 0 0 0  0 3 0 5 1 4 1 5 2 4 4 5
6 6 1 0 0 0 0 0  0 3 0 5 1 4 1 5 2 4 4 5
6 6 0 0 0 0 0 1  0 3 0 5 1 4 2 4 3 5 4 5
6 6 0 0 0 0 1 0  0 3 0 5 1 4 2 4 3 5 4 5
6 6 0 1 0 0 0 0  0 3 0 5 1 4 2 4 3 5 4 5
6 6 1 0 0 0 0 0  0 3 0 5 1 4 2 4 3 5 4 5
6 7 0 0 0 0 0 1  0 3 0 5 1 4 1 5 2 4 2 5 3 5
6 7 0 0 0 0 1 0  0 3 0 5 1 4 1 5 2 4 2 5 3 5
6 7 0 1 0 0 0 0  0 3 0 5 1 4 1 5 2 4 2 5 3 5
6 7 1 0 0 0 0 0  0 3 0 5 1 4 1 5 2 4 2 5 3 5
6 7 0 0 0 0 0 1  0 3 0 5 1 4 1 5 2 4 2 5 4 5
6 7 0 0 0 0 1 0  0 3 0 5 1 4 1 5 2 4 2 5 4 5
6 7 0 0 0 1 0 0  0 3 0 5 1 4 1 5 2 4 2 5 4 5
6 7 0 1 0 0 0 0  0 3 0 5 1 4 1 5 2 4 2 5 4 5
6 7 1 0 0 0 0 0  0 3 0 5 1 4 1 5 2 4 2 5 4 5
6 7 0 0 0 0 0 1  0 3 0 5 1 4 1 5 2 4 3 5 4 5
6 7 0 0 0 0 1 0  0 3 0 5 1 4 1 5 2 4 3 5 4 5
6 7 0 0 1 0 0 0  0 3 0 5 1 4 1 5 2 4 3 5 4 5
6 7 0 1 0 0 0 0  0 3 0 5 1 4 1 5 2 4 3 5 4 5
6 7 1 0 0 0 0 0  0 3 0 5 1 4 1 5 2 4 3 5 4 5
6 8 0 0 0 0 0 1  0 3 0 5 1 4 1 5 2 4 2 5 3 5 4 5
6 8 0 0 0 0 1 0  0 3 0 5 1 4 1 5 2 4 2 5 3 5 4 5
6 8 0 1 0 0 0 0  0 3 0 5 1 4 1 5 2 4 2 5 3 5 4 5
6 8 1 0 0 0 0 0  0 3 0 5 1 4 1 5 2 4 2 5 3 5 4 5
6 7 0 0 0 0 0 1  0 3 0 4 0 5 1 5 2 5 3 4 3 5
6 7 0 0 0 0 1 0  0 3 0 4 0 5 1 5 2 5 3 4 3 5
6 7 0 1 0 0 0 0  0 3 0 4 0 5 1 5 2 5 3 4 3 5
6 7 1 0 0 0 0 0  0 3 0 4 0 5 1 5 2 5 3 4 3 5
6 8 0 0 0 0 0 1  0 3 0 4 0 5 1 5 2 5 3 4 3 5 4 5
6 8 0 1 0 0 0 0  0 3 0 4 0 5 1 5 2 5 3 4 3 5 4 5
6 8 1 0 0 0 0 0  0 3 0 4 0 5 1 5 2 5 3 4 3 5 4 5
6 7 0 0 0 0 1 0  0 3 0 4 1 4 1 5 2 4 2 5 3 5
6 7 0 1 0 0 0 0  0 3 0 4 1 4 1 5 2 4 2 5 3 5
6 7 1 0 0 0 0 0  0 3 0 4 1 4 1 5 2 4 2 5 3 5
6 8 0 0 0 0 0 1  0 3 0 4 0 5 1 4 1 5 2 4 2 5 3 5
6 8 0 0 0 0 1 0  0 3 0 4 0 5 1 4 1 5 2 4 2 5 3 5
6 8 0 0 0 1 0 0  0 3 0 4 0 5 1 4 1 5 2 4 2 5 3 5
6 8 0 1 0 0 0 0  0 3 0 4 0 5 1 4 1 5 2 4 2 5 3 5
6 8 1 0 0 0 0 0  0 3 0 4 0 5 1 4 1 5 2 4 2 5 3 5
6 8 0 0 0 0 1 0  0 3 0 4 0 5 1 4 1 5 2 4 2 5 4 5
6 8 0 0 0 1 0 0  0 3 0 4 0 5 1 4 1 5 2 4 2 5 4 5
6 8 0 1 0 0 0 0  0 3 0 4 0 5 1 4 1 5 2 4 2 5 4 5
6 8 1 0 0 0 0 0  0 3 0 4 0 5 1 4 1 5 2 4 2 5 4 5
6 8 0 0 0 0 0 1  0 3 0 4 0 5 1 4 1 5 2 4 3 5 4 5
6 8 0 0 0 0 1 0  0 3 0 4 0 5 1 4 1 5 2 4 3 5 4 5
6 8 0 0 0 1 0 0  0 3 0 4 0 5 1 4 1 5 2 4 3 5 4 5
6 8 0 0 1 0 0 0  0 3 0 4 0 5 1 4 1 5 2 4 3 5 4 5
6 8 0 1 0 0 0 0  0 3 0 4 0 5 1 4 1 5 2 4 3 5 4 5
6 8 1 0 0 0 0 0  0 3 0 4 0 5 1 4 1 5 2 4 3 5 4 5
6 8 0 0 0 0 1 0  0 3 0 4 1 4 1 5 2 4 2 5 3 5 4 5
6 8 0 1 0 0 0 0  0 3 0 4 1 4 1 5 2 4 2 5 3 5 4 5
6 8 1 0 0 0 0 0  0 3 0 4 1 4 1 5 2 4 2 5 3 5 4 5
6 9 0 0 0 0 0 1  0 3 0 4 0 5 1 4 1 5 2 4 2 5 3 5 4 5
6 9 0 0 0 0 1 0  0 3 0 4 0 5 1 4 1 5 2 4 2 5 3 5 4 5
6 9 0 0 0 1 0 0  0 3 0 4 0 5 1 4 1 5 2 4 2 5 3 5 4 5
6 9 0 1 0 0 0 0  0 3 0 4 0 5 1 4 1 5 2 4 2 5 3 5 4 5
6 9 1 0 0 0 0 0  0 3 0 4 0 5 1 4 1 5 2 4 2 5 3 5 4 5
6 8 0 0 0 0 0 1  0 3 0 4 0 5 1 4 1 5 2 5 3 4 3 5
6 8 0 0 0 0 1 0  0 3 0 4 0 5 1 4 1 5 2 5 3 4 3 5
6 8 0 0 1 0 0 0  0 3 0 4 0 5 1 4 1 5 2 5 3 4 3 5
6 8 0 1 0 0 0 0  0 3 0 4 0 5 1 4 1 5 2 5 3 4 3 5
6 8 1 0 0 0 0 0  0 3 0 4 0 5 1 4 1 5 2 5 3 4 3 5
6 8 0 0 0 0 1 0  0 3 0 4 0 5 1 4 2 5 3 4 3 5 4 5
6 8 0 1 0 0 0 0  0 3 0 4 0 5 1 4 2 5 3 4 3 5 4 5
6 8 1 0 0 0 0 0  0 3 0 4 0 5 1 4 2 5 3 4 3 5 4 5
6 9 0 0 0 0 0 1  0 3 0 4 0 5 1 4 1 5 2 5 3 4 3 5 4 5
6 9 0 0 0 0 1 0  0 3 0 4 0 5 1 4 1 5 2 5 3 4 3 5 4 5
6 9 0 0 1 0 0 0  0 3 0 4 0 5 1 4 1 5 2 5 3 4 3 5 4 5
6 9 0 1 0 0 0 0  0 3 0 4 0 5 1 4 1 5 2 5 3 4 3 5 4 5
6 9 1 0 0 0 0 0  0 3 0 4 0 5 1 4 1 5 2 5 3 4 3 5 4 5
6 9 0 0 0 0 1 0  0 3 0 4 0 5 1 4 1 5 2 4 2 5 3 4 3 5
6 9 0 1 0 0 0 0  0 3 0 4 0 5 1 4 1 5 2 4 2 5 3 4 3 5
6 9 1 0 0 0 0 0  0 3 0 4 0 5 1 4 1 5 2 4 2 5 3 4 3 5
6 10 0 0 0 0 1 0  0 3 0 4 0 5 1 4 1 5 2 4 2 5 3 4 3 5 4 5
6 10 0 1 0 0 0 0  0 3 0 4 0 5 1 4 1 5 2 4 2 5 3 4 3 5 4 5
6 10 1 0 0 0 0 0  0 3 0 4 0 5 1 4 1 5 2 4 2 5 3 4 3 5 4 5
6 7 0 0 0 0 0 1  0 3 0 4 0 5 1 3 1 4 1 5 2 5
6 7 0 0 0 1 0 0  0 3 0 4 0 5 1 3 1 4 1 5 2 5
6 7 0 0 1 0 0 0  0 3 0 4 0 5 1 3 1 4 1 5 2 5
6 7 1 0 0 0 0 0  0 3 0 4 0 5 1 3 1 4 1 5 2 5
6 8 0 0 0 0 0 1  0 3 0 4 0 5 1 3 1 4 1 5 2 5 3 5
6 8 0 0 0 0 1 0  0 3 0 4 0 5 1 3 1 4 1 5 2 5 3 5
6 8 0 0 0 1 0 0  0 3 0 4 0 5 1 3 1 4 1 5 2 5 3 5
6 8 0 0 1 0 0 0  0 3 0 4 0 5 1 3 1 4 1 5 2 5 3 5
6 8 1 0 0 0 0 0  0 3 0 4 0 5 1 3 1 4 1 5 2 5 3 5
6 9 0 0 0 0 0 1  0 3 0 4 0 5 1 3 1 4 1 5 2 5 3 5 4 5
6 9 0 0 1 0 0 0  0 3 0 4 0 5 1 3 1 4 1 5 2 5 3 5 4 5
6 9 1 0 0 0 0 0  0 3 0 4 0 5 1 3 1 4 1 5 2 5 3 5 4 5
6 6 1 0 0 0 0 0  0 3 0 4 1 3 1 5 2 4 2 5
6 7 0 1 0 0 0 0  0 3 0 4 0 5 1 3 1 5 2 4 2 5
6 7 1 0 0 0 0 0  0 3 0 4 0 5 1 3 1 5 2 4 2 5
6 7 0 0 0 1 0 0  0 3 0 4 0 5 1 3 2 4 2 5 3 5
6 7 0 0 1 0 0 0  0 3 0 4 0 5 1 3 2 4 2 5 3 5
6 7 0 1 0 0 0 0  0 3 0 4 0 5 1 3 2 4 2 5 3 5
6 7 1 0 0 0 0 0  0 3 0 4 0 5 1 3 2 4 2 5 3 5
6 7 0 0 0 0 1 0  0 3 0 4 1 3 1 5 2 4 2 5 3 5
6 7 0 0 0 1 0 0  0 3 0 4 1 3 1 5 2 4 2 5 3 5
6 7 0 1 0 0 0 0  0 3 0 4 1 3 1 5 2 4 2 5 3 5
6 7 1 0 0 0 0 0  0 3 0 4 1 3 1 5 2 4 2 5 3 5
6 7 0 0 0 1 0 0  0 3 0 4 0 5 1 3 2 4 3 5 4 5
6 7 0 1 0 0 0 0  0 3 0 4 0 5 1 3 2 4 3 5 4 5
6 7 1 0 0 0 0 0  0 3 0 4 0 5 1 3 2 4 3 5 4 5
6 7 0 0 0 0 0 1  0 3 0 4 1 3 1 5 2 4 3 5 4 5
6 7 0 0 0 0 1 0  0 3 0 4 1 3 1 5 2 4 3 5 4 5
6 7 0 0 0 1 0 0  0 3 0 4 1 3 1 5 2 4 3 5 4 5
6 7 0 0 1 0 0 0  0 3 0 4 1 3 1 5 2 4 3 5 4 5
6 7 0 1 0 0 0 0  0 3 0 4 1 3 1 5 2 4 3 5 4 5
6 7 1 0 0 0 0 0  0 3 0 4 1 3 1 5 2 4 3 5 4 5
6 8 0 0 0 0 0 1  0 3 0 4 0 5 1 3 1 5 2 4 2 5 3 5
6 8 0 0 0 0 1 0  0 3 0 4 0 5 1 3 1 5 2 4 2 5 3 5
6 8 0 0 0 1 0 0  0 3 0 4 0 5 1 3 1 5 2 4 2 5 3 5
6 8 0 0 1 0 0 0  0 3 0 4 0 5 1 3 1 5 2 4 2 5 3 5
6 8 0 1 0 0 0 0  0 3 0 4 0 5 1 3 1 5 2 4 2 5 3 5
6 8 1 0 0 0 0 0  0 3 0 4 0 5 1 3 1 5 2 4 2 5 3 5
6 8 0 0 0 0 0 1  0 3 0 4 0 5 1 3 1 5 2 4 3 5 4 5
6 8 0 0 0 0 1 0  0 3 0 4 0 5 1 3 1 5 2 4 3 5 4 5
6 8 0 0 0 1 0 0  0 3 0 4 0 5 1 3 1 5 2 4 3 5 4 5
6 8 0 0 1 0 0 0  0 3 0 4 0 5 1 3 1 5 2 4 3 5 4 5
6 8 0 1 0 0 0 0  0 3 0 4 0 5 1 3 1 5 2 4 3 5 4 5
6 8 1 0 0 0 0 0  0 3 0 4 0 5 1 3 1 5 2 4 3 5 4 5
6 8 0 0 0 0 0 1  0 3 0 4 1 3 1 5 2 4 2 5 3 5 4 5
6 8 0 0 0 1 0 0  0 3 0 4 1 3 1 5 2 4 2 5 3 5 4 5
6 8 0 1 0 0 0 0  0 3 0 4 1 3 1 5 2 4 2 5 3 5 4 5
6 8 1 0 0 0 0 0  0 3 0 4 1 3 1 5 2 4 2 5 3 5 4 5
6 9 0 0 0 0 0 1  0 3 0 4 0 5 1 3 1 5 2 4 2 5 3 5 4 5
6 9 0 0 0 1 0 0  0 3 0 4 0 5 1 3 1 5 2 4 2 5 3 5 4 5
6 9 0 1 0 0 0 0  0 3 0 4 0 5 1 3 1 5 2 4 2 5 3 5 4 5
6 9 1 0 0 0 0 0  0 3 0 4 0 5 1 3 1 5 2 4 2 5 3 5 4 5
6 8 0 0 1 0 0 0  0 3 0 4 0 5 1 3 1 4 1 5 2 4 2 5
6 8 1 0 0 0 0 0  0 3 0 4 0 5 1 3 1 4 1 5 2 4 2 5
6 8 0 0 0 0 1 0  0 3 0 4 0 5 1 3 1 4 1 5 2 4 3 5
6 8 0 0 0 1 0 0  0 3 0 4 0 5 1 3 1 4 1 5 2 4 3 5
6 8 0 0 1 0 0 0  0 3 0 4 0 5 1 3 1 4 1 5 2 4 3 5
6 8 1 0 0 0 0 0  0 3 0 4 0 5 1 3 1 4 1 5 2 4 3 5
6 9 0 0 0 0 0 1  0 3 0 4 0 5 1 3 1 4 1 5 2 4 2 5 3 5
6 9 0 0 0 0 1 0  0 3 0 4 0 5 1 3 1 4 1 5 2 4 2 5 3 5
6 9 0 0 0 1 0 0  0 3 0 4 0 5 1 3 1 4 1 5 2 4 2 5 3 5
6 9 0 0 1 0 0 0  0 3 0 4 0 5 1 3 1 4 1 5 2 4 2 5 3 5
6 9 1 0 0 0 0 0  0 3 0 4 0 5 1 3 1 4 1 5 2 4 2 5 3 5
6 9 0 0 0 0 1 0  0 3 0 4 0 5 1 3 1 4 1 5 2 4 2 5 4 5
6 9 0 0 0 1 0 0  0 3 0 4 0 5 1 3 1 4 1 5 2 4 2 5 4 5
6 9 0 0 1 0 0 0  0 3 0 4 0 5 1 3 1 4 1 5 2 4 2 5 4 5
6 9 1 0 0 0 0 0  0 3 0 4 0 5 1 3 1 4 1 5 2 4 2 5 4 5
6 10 0 0 0 0 0 1  0 3 0 4 0 5 1 3 1 4 1 5 2 4 2 5 3 5 4 5
6 10 0 0 0 0 1 0  0 3 0 4 0 5 1 3 1 4 1 5 2 4 2 5 3 5 4 5
6 10 0 0 0 1 0 0  0 3 0 4 0 5 1 3 1 4 1 5 2 4 2 5 3 5 4 5
6 10 0 0 1 0 0 0  0 3 0 4 0 5 1 3 1 4 1 5 2 4 2 5 3 5 4 5
6 10 1 0 0 0 0 0  0 3 0 4 0 5 1 3 1 4 1 5 2 4 2 5 3 5 4 5
6 9 0 0 0 0 0 1  0 3 0 4 0 5 1 3 1 4 1 5 2 5 3 4 3 5
6 9 0 0 0 0 1 0  0 3 0 4 0 5 1 3 1 4 1 5 2 5 3 4 3 5
6 9 0 0 0 1 0 0  0 3 0 4 0 5 1 3 1 4 1 5 2 5 3 4 3 5
6 9 0 0 1 0 0 0  0 3 0 4 0 5 1 3 1 4 1 5 2 5 3 4 3 5
6 9 1 0 0 0 0 0  0 3 0 4 0 5 1 3 1 4 1 5 2 5 3 4 3 5
6 9 0 0 0 0 0 1  0 3 0 4 0 5 1 3 1 4 2 5 3 4 3 5 4 5
6 9 0 0 0 1 0 0  0 3 0 4 0 5 1 3 1 4 2 5 3 4 3 5 4 5
6 9 0 0 1 0 0 0  0 3 0 4 0 5 1 3 1 4 2 5 3 4 3 5 4 5
6 9 0 1 0 0 0 0  0 3 0 4 0 5 1 3 1 4 2 5 3 4 3 5 4 5
6 9 1 0 0 0 0 0  0 3 0 4 0 5 1 3 1 4 2 5 3 4 3 5 4 5
6 10 0 0 0 0 0 1  0 3 0 4 0 5 1 3 1 4 1 5 2 5 3 4 3 5 4 5
6 10 0 0 0 1 0 0  0 3 0 4 0 5 1 3 1 4 1 5 2 5 3 4 3 5 4 5
6 10 0 0 1 0 0 0  0 3 0 4 0 5 1 3 1 4 1 5 2 5 3 4 3 5 4 5
6 10 1 0 0 0 0 0  0 3 0 4 0 5 1 3 1 4 1 5 2 5 3 4 3 5 4 5
6 9 0 0 0 0 0 1  0 3 0 4 0 5 1 3 1 5 2 4 2 5 3 4 3 5
6 9 0 0 0 0 1 0  0 3 0 4 0 5 1 3 1 5 2 4 2 5 3 4 3 5
6 9 0 0 0 1 0 0  0 3 0 4 0 5 1 3 1 5 2 4 2 5 3 4 3 5
6 9 0 0 1 0 0 0  0 3 0 4 0 5 1 3 1 5 2 4 2 5 3 4 3 5
6 9 0 1 0 0 0 0  0 3 0 4 0 5 1 3 1 5 2 4 2 5 3 4 3 5
6 9 1 0 0 0 0 0  0 3 0 4 0 5 1 3 1 5 2 4 2 5 3 4 3 5
6 9 0 0 0 1 0 0  0 3 0 4 1 3 1 5 2 4 2 5 3 4 3 5 4 5
6 9 1 0 0 0 0 0  0 3 0 4 1 3 1 5 2 4 2 5 3 4 3 5 4 5
6 10 0 0 0 0 0 1  0 3 0 4 0 5 1 3 1 5 2 4 2 5 3 4 3 5 4 5
6 10 0 0 0 1 0 0  0 3 0 4 0 5 1 3 1 5 2 4 2 5 3 4 3 5 4 5
6 10 0 1 0 0 0 0  0 3 0 4 0 5 1 3 1 5 2 4 2 5 3 4 3 5 4 5
6 10 1 0 0 0 0 0  0 3 0 4 0 5 1 3 1 5 2 4 2 5 3 4 3 5 4 5
6 11 0 0 0 0 1 0  0 3 0 4 0 5 1 3 1 4 1 5 2 4 2 5 3 4 3 5 4 5
6 11 0 0 0 1 0 0  0 3 0 4 0 5 1 3 1 4 1 5 2 4 2 5 3 4 3 5 4 5
6 11 0 0 1 0 0 0  0 3 0 4 0 5 1 3 1 4 1 5 2 4 2 5 3 4 3 5 4 5
6 11 1 0 0 0 0 0  0 3 0 4 0 5 1 3 1 4 1 5 2 4 2 5 3 4 3 5 4 5
6 9 1 0 0 0 0 0  0 3 0 4 0 5 1 3 1 4 1 5 2 3 2 4 2 5
6 10 0 0 0 0 1 0  0 3 0 4 0 5 1 3 1 4 1 5 2 3 2 4 2 5 3 5
6 10 0 0 0 1 0 0  0 3 0 4 0 5 1 3 1 4 1 5 2 3 2 4 2 5 3 5
6 10 1 0 0 0 0 0  0 3 0 4 0 5 1 3 1 4 1 5 2 3 2 4 2 5 3 5
6 10 0 0 0 0 0 1  0 3 0 4 0 5 1 3 1 4 1 5 2 3 2 4 3 5 4 5
6 10 0 0 0 1 0 0  0 3 0 4 0 5 1 3 1 4 1 5 2 3 2 4 3 5 4 5
6 10 0 0 1 0 0 0  0 3 0 4 0 5 1 3 1 4 1 5 2 3 2 4 3 5 4 5
6 10 1 0 0 0 0 0  0 3 0 4 0 5 1 3 1 4 1 5 2 3 2 4 3 5 4 5
6 11 0 0 0 0 0 1  0 3 0 4 0 5 1 3 1 4 1 5 2 3 2 4 2 5 3 5 4 5
6 11 0 0 0 1 0 0  0 3 0 4 0 5 1 3 1 4 1 5 2 3 2 4 2 5 3 5 4 5
6 11 1 0 0 0 0 0  0 3 0 4 0 5 1 3 1 4 1 5 2 3 2 4 2 5 3 5 4 5
6 12 0 0 0 1 0 0  0 3 0 4 0 5 1 3 1 4 1 5 2 3 2 4 2 5 3 4 3 5 4 5
6 12 1 0 0 0 0 0  0 3 0 4 0 5 1 3 1 4 1 5 2 3 2 4 2 5 3 4 3 5 4 5
6 7 0 0 0 0 0 1  0 2 0 4 0 5 1 3 1 5 2 4 2 5
6 7 0 0 0 0 1 0  0 2 0 4 0 5 1 3 1 5 2 4 2 5
6 7 0 0 0 1 0 0  0 2 0 4 0 5 1 3 1 5 2 4 2 5
6 7 0 1 0 0 0 0  0 2 0 4 0 5 1 3 1 5 2 4 2 5
6 7 1 0 0 0 0 0  0 2 0 4 0 5 1 3 1 5 2 4 2 5
6 7 0 1 0 0 0 0  0 2 0 4 0 5 1 3 1 5 2 4 3 5
6 7 1 0 0 0 0 0  0 2 0 4 0 5 1 3 1 5 2 4 3 5
6 8 0 0 0 0 0 1  0 2 0 4 0 5 1 3 1 5 2 4 2 5 3 5
6 8 0 0 0 0 1 0  0 2 0 4 0 5 1 3 1 5 2 4 2 5 3 5
6 8 0 1 0 0 0 0  0 2 0 4 0 5 1 3 1 5 2 4 2 5 3 5
6 8 1 0 0 0 0 0  0 2 0 4 0 5 1 3 1 5 2 4 2 5 3 5
6 8 0 0 0 0 0 1  0 2 0 4 0 5 1 3 1 5 2 4 2 5 4 5
6 8 0 0 0 1 0 0  0 2 0 4 0 5 1 3 1 5 2 4 2 5 4 5
6 8 0 1 0 0 0 0  0 2 0 4 0 5 1 3 1 5 2 4 2 5 4 5
6 8 1 0 0 0 0 0  0 2 0 4 0 5 1 3 1 5 2 4 2 5 4 5
6 9 0 0 0 0 0 1  0 2 0 4 0 5 1 3 1 5 2 4 2 5 3 5 4 5
6 9 0 1 0 0 0 0  0 2 0 4 0 5 1 3 1 5 2 4 2 5 3 5 4 5
6 9 1 0 0 0 0 0  0 2 0 4 0 5 1 3 1 5 2 4 2 5 3 5 4 5
6 8 0 0 1 0 0 0  0 2 0 4 0 5 1 3 1 4 1 5 2 4 3 5
6 8 1 0 0 0 0 0  0 2 0 4 0 5 1 3 1 4 1 5 2 4 3 5
6 9 0 0 0 0 0 1  0 2 0 4 0 5 1 3 1 4 1 5 2 4 2 5 3 5
6 9 0 0 0 0 1 0  0 2 0 4 0 5 1 3 1 4 1 5 2 4 2 5 3 5
6 9 0 0 0 1 0 0  0 2 0 4 0 5 1 3 1 4 1 5 2 4 2 5 3 5
6 9 0 1 0 0 0 0  0 2 0 4 0 5 1 3 1 4 1 5 2 4 2 5 3 5
6 9 1 0 0 0 0 0  0 2 0 4 0 5 1 3 1 4 1 5 2 4 2 5 3 5
6 9 0 0 0 0 1 0  0 2 0 4 0 5 1 3 1 4 1 5 2 4 2 5 4 5
6 9 0 0 0 1 0 0  0 2 0 4 0 5 1 3 1 4 1 5 2 4 2 5 4 5
6 9 0 1 0 0 0 0  0 2 0 4 0 5 1 3 1 4 1 5 2 4 2 5 4 5
6 9 1 0 0 0 0 0  0 2 0 4 0 5 1 3 1 4 1 5 2 4 2 5 4 5
6 9 0 0 0 0 1 0  0 2 0 4 0 5 1 3 1 4 1 5 2 4 3 5 4 5
6 9 0 0 1 0 0 0  0 2 0 4 0 5 1 3 1 4 1 5 2 4 3 5 4 5
6 9 1 0 0 0 0 0  0 2 0 4 0 5 1 3 1 4 1 5 2 4 3 5 4 5
6 9 0 0 0 0 1 0  0 2 0 4 0 5 1 3 1 4 2 4 2 5 3 5 4 5
6 9 0 1 0 0 0 0  0 2 0 4 0 5 1 3 1 4 2 4 2 5 3 5 4 5
6 9 1 0 0 0 0 0  0 2 0 4 0 5 1 3 1 4 2 4 2 5 3 5 4 5
6 10 0 0 0 0 0 1  0 2 0 4 0 5 1 3 1 4 1 5 2 4 2 5 3 5 4 5
6 10 0 0 0 0 1 0  0 2 0 4 0 5 1 3 1 4 1 5 2 4 2 5 3 5 4 5
6 10 0 0 0 1 0 0  0 2 0 4 0 5 1 3 1 4 1 5 2 4 2 5 3 5 4 5
6 10 0 1 0 0 0 0  0 2 0 4 0 5 1 3 1 4 1 5 2 4 2 5 3 5 4 5
6 10 1 0 0 0 0 0  0 2 0 4 0 5 1 3 1 4 1 5 2 4 2 5 3 5 4 5
6 10 0 0 0 0 1 0  0 2 0 4 0 5 1 3 1 4 1 5 2 4 2 5 3 4 3 5
6 10 1 0 0 0 0 0  0 2 0 4 0 5 1 3 1 4 1 5 2 4 2 5 3 4 3 5
6 11 0 0 0 0 1 0  0 2 0 4 0 5 1 3 1 4 1 5 2 4 2 5 3 4 3 5 4 5
6 11 1 0 0 0 0 0  0 2 0 4 0 5 1 3 1 4 1 5 2 4 2 5 3 4 3 5 4 5
6 8 0 0 0 0 0 1  0 2 0 3 0 5 1 3 1 4 1 5 2 4 2 5
6 8 0 0 0 1 0 0  0 2 0 3 0 5 1 3 1 4 1 5 2 4 2 5
6 8 0 1 0 0 0 0  0 2 0 3 0 5 1 3 1 4 1 5 2 4 2 5
6 8 1 0 0 0 0 0  0 2 0 3 0 5 1 3 1 4 1 5 2 4 2 5
6 8 0 0 0 1 0 0  0 2 0 3 0 5 1 3 1 4 1 5 2 4 3 5
6 8 0 0 1 0 0 0  0 2 0 3 0 5 1 3 1 4 1 5 2 4 3 5
6 8 1 0 0 0 0 0  0 2 0 3 0 5 1 3 1 4 1 5 2 4 3 5
6 9 0 0 0 0 0 1  0 2 0 3 0 5 1 3 1 4 1 5 2 4 2 5 3 5
6 9 0 0 0 0 1 0  0 2 0 3 0 5 1 3 1 4 1 5 2 4 2 5 3 5
6 9 0 1 0 0 0 0  0 2 0 3 0 5 1 3 1 4 1 5 2 4 2 5 3 5
6 9 1 0 0 0 0 0  0 2 0 3 0 5 1 3 1 4 1 5 2 4 2 5 3 5
6 10 0 0 0 0 0 1  0 2 0 3 0 5 1 3 1 4 1 5 2 4 2 5 3 5 4 5
6 10 1 0 0 0 0 0  0 2 0 3 0 5 1 3 1 4 1 5 2 4 2 5 3 5 4 5
6 9 1 0 0 0 0 0  0 2 0 3 0 4 1 3 1 4 1 5 2 4 2 5 3 5
6 10 0 0 1 0 0 0  0 2 0 3 0 4 0 5 1 3 1 4 1 5 2 4 2 5 3 5
6 10 0 1 0 0 0 0  0 2 0 3 0 4 0 5 1 3 1 4 1 5 2 4 2 5 3 5
6 10 1 0 0 0 0 0  0 2 0 3 0 4 0 5 1 3 1 4 1 5 2 4 2 5 3 5
6 10 0 0 0 0 0 1  0 2 0 3 0 4 0 5 1 3 1 4 1 5 2 4 3 5 4 5
6 10 0 0 1 0 0 0  0 2 0 3 0 4 0 5 1 3 1 4 1 5 2 4 3 5 4 5
6 10 0 1 0 0 0 0  0 2 0 3 0 4 0 5 1 3 1 4 1 5 2 4 3 5 4 5
6 10 1 0 0 0 0 0  0 2 0 3 0 4 0 5 1 3 1 4 1 5 2 4 3 5 4 5
6 11 0 0 0 0 0 1  0 2 0 3 0 4 0 5 1 3 1 4 1 5 2 4 2 5 3 5 4 5
6 11 0 0 1 0 0 0  0 2 0 3 0 4 0 5 1 3 1 4 1 5 2 4 2 5 3 5 4 5
6 11 0 1 0 0 0 0  0 2 0 3 0 4 0 5 1 3 1 4 1 5 2 4 2 5 3 5 4 5
6 11 1 0 0 0 0 0  0 2 0 3 0 4 0 5 1 3 1 4 1 5 2 4 2 5 3 5 4 5
6 12 0 0 0 0 1 0  0 2 0 3 0 4 0 5 1 3 1 4 1 5 2 4 2 5 3 4 3 5 4 5
6 12 0 1 0 0 0 0  0 2 0 3 0 4 0 5 1 3 1 4 1 5 2 4 2 5 3 4 3 5 4 5
6 12 1 0 0 0 0 0  0 2 0 3 0 4 0 5 1 3 1 4 1 5 2 4 2 5 3 4 3 5 4 5
6 10 0 0 0 0 0 1  0 2 0 3 0 4 0 5 1 4 1 5 2 3 2 4 2 5 3 5
6 10 0 0 0 0 1 0  0 2 0 3 0 4 0 5 1 4 1 5 2 3 2 4 2 5 3 5
6 10 0 0 0 1 0 0  0 2 0 3 0 4 0 5 1 4 1 5 2 3 2 4 2 5 3 5
6 10 0 1 0 0 0 0  0 2 0 3 0 4 0 5 1 4 1 5 2 3 2 4 2 5 3 5
6 10 1 0 0 0 0 0  0 2 0 3 0 4 0 5 1 4 1 5 2 3 2 4 2 5 3 5
6 10 0 1 0 0 0 0  0 2 0 3 0 4 0 5 1 4 1 5 2 3 2 4 2 5 4 5
6 10 1 0 0 0 0 0  0 2 0 3 0 4 0 5 1 4 1 5 2 3 2 4 2 5 4 5
6 11 0 0 0 0 0 1  0 2 0 3 0 4 0 5 1 4 1 5 2 3 2 4 2 5 3 5 4 5
6 11 0 0 0 0 1 0  0 2 0 3 0 4 0 5 1 4 1 5 2 3 2 4 2 5 3 5 4 5
6 11 0 0 0 1 0 0  0 2 0 3 0 4 0 5 1 4 1 5 2 3 2 4 2 5 3 5 4 5
6 11 0 1 0 0 0 0  0 2 0 3 0 4 0 5 1 4 1 5 2 3 2 4 2 5 3 5 4 5
6 11 1 0 0 0 0 0  0 2 0 3 0 4 0 5 1 4 1 5 2 3 2 4 2 5 3 5 4 5
6 10 0 0 0 0 0 1  0 2 0 3 0 4 0 5 1 5 2 3 2 4 2 5 3 4 3 5
6 10 0 0 0 0 1 0  0 2 0 3 0 4 0 5 1 5 2 3 2 4 2 5 3 4 3 5
6 10 0 1 0 0 0 0  0 2 0 3 0 4 0 5 1 5 2 3 2 4 2 5 3 4 3 5
6 10 1 0 0 0 0 0  0 2 0 3 0 4 0 5 1 5 2 3 2 4 2 5 3 4 3 5
6 11 0 0 0 0 0 1  0 2 0 3 0 4 0 5 1 5 2 3 2 4 2 5 3 4 3 5 4 5
6 11 0 1 0 0 0 0  0 2 0 3 0 4 0 5 1 5 2 3 2 4 2 5 3 4 3 5 4 5
6 11 1 0 0 0 0 0  0 2 0 3 0 4 0 5 1 5 2 3 2 4 2 5 3 4 3 5 4 5
6 12 0 0 0 0 1 0  0 2 0 3 0 4 0 5 1 4 1 5 2 3 2 4 2 5 3 4 3 5 4 5
6 12 0 1 0 0 0 0  0 2 0 3 0 4 0 5 1 4 1 5 2 3 2 4 2 5 3 4 3 5 4 5
6 12 1 0 0 0 0 0  0 2 0 3 0 4 0 5 1 4 1 5 2 3 2 4 2 5 3 4 3 5 4 5
6 13 0 0 0 1 0 0  0 2 0 3 0 4 0 5 1 3 1 4 1 5 2 3 2 4 2 5 3 4 3 5 4 5
6 13 0 1 0 0 0 0  0 2 0 3 0 4 0 5 1 3 1 4 1 5 2 3 2 4 2 5 3 4 3 5 4 5
6 13 1 0 0 0 0 0  0 2 0 3 0 4 0 5 1 3 1 4 1 5 2 3 2 4 2 5 3 4 3 5 4 5
6 11 0 0 0 1 0 0  0 2 0 3 0 4 0 5 1 2 1 3 1 4 1 5 2 4 2 5 3 5
6 11 0 0 1 0 0 0  0 2 0 3 0 4 0 5 1 2 1 3 1 4 1 5 2 4 2 5 3 5
6 11 1 0 0 0 0 0  0 2 0 3 0 4 0 5 1 2 1 3 1 4 1 5 2 4 2 5 3 5
6 11 0 0 0 1 0 0  0 2 0 3 0 4 0 5 1 2 1 3 1 4 1 5 2 4 2 5 4 5
6 11 0 0 1 0 0 0  0 2 0 3 0 4 0 5 1 2 1 3 1 4 1 5 2 4 2 5 4 5
6 11 1 0 0 0 0 0  0 2 0 3 0 4 0 5 1 2 1 3 1 4 1 5 2 4 2 5 4 5
6 11 0 1 0 0 0 0  0 2 0 3 0 4 0 5 1 2 1 3 1 4 2 4 2 5 3 5 4 5
6 11 1 0 0 0 0 0  0 2 0 3 0 4 0 5 1 2 1 3 1 4 2 4 2 5 3 5 4 5
6 12 0 0 0 0 0 1  0 2 0 3 0 4 0 5 1 2 1 3 1 4 1 5 2 4 2 5 3 5 4 5
6 12 0 0 0 1 0 0  0 2 0 3 0 4 0 5 1 2 1 3 1 4 1 5 2 4 2 5 3 5 4 5
6 12 0 0 1 0 0 0  0 2 0 3 0 4 0 5 1 2 1 3 1 4 1 5 2 4 2 5 3 5 4 5
6 12 1 0 0 0 0 0  0 2 0 3 0 4 0 5 1 2 1 3 1 4 1 5 2 4 2 5 3 5 4 5
6 12 1 0 0 0 0 0  0 2 0 3 0 4 0 5 1 2 1 3 1 4 1 5 2 4 2 5 3 4 3 5
6 13 0 0 0 0 1 0  0 2 0 3 0 4 0 5 1 2 1 3 1 4 1 5 2 4 2 5 3 4 3 5 4 5
6 13 1 0 0 0 0 0  0 2 0 3 0 4 0 5 1 2 1 3 1 4 1 5 2 4 2 5 3 4 3 5 4 5
6 14 0 0 1 0 0 0  0 2 0 3 0 4 0 5 1 2 1 3 1 4 1 5 2 3 2 4 2 5 3 4 3 5 4 5
6 14 1 0 0 0 0 0  0 2 0 3 0 4 0 5 1 2 1 3 1 4 1 5 2 3 2 4 2 5 3 4 3 5 4 5
6 15 1 0 0 0 0 0  0 1 0 2 0 3 0 4 0 5 1 2 1 3 1 4 1 5 2 3 2 4 2 5 3 4 3 5 4 5
